x: 0.229737
y: -0.0050745
yaw: 0.00805406
