x: 0.233833
y: -0.00556546
yaw: -0.00780059
