x: 0.431792
y: -0.0413607
yaw: -0.000842428
x: 0.434172
y: -0.0504331
yaw: 0.0124573
x: 0.436548
y: -0.0474755
yaw: 0.0113924
x: 0.432824
y: -0.0459636
yaw: 0.00580769
